[[ 1.00000000e+00 -5.27715573e-01  9.71035658e-01 -5.50713891e-01
   9.09687986e-01 -5.97725416e-01 -3.72698345e-01 -5.14775468e-01
   2.93338239e-01 -2.36007908e-02 -2.86271852e-02 -4.26830446e-02
   1.16463545e-01  2.61679875e-01 -3.99312388e-01 -4.41289681e-01
  -6.00274471e-02 -4.93900704e-02  7.15866419e-02  2.09154303e-02
  -2.94622585e-01 -1.36257108e-01 -2.77964852e-01 -2.23303077e-01
  -1.61172362e-01 -1.86849683e-02  5.81628290e-03 -9.15703766e-02
  -3.19243122e-01 -2.94898379e-01  6.44562331e-02 -4.11921227e-01
   1.27902117e-01 -2.78389976e-01 -3.35939354e-01  5.59377864e-02
  -3.47610915e-01 -3.94985451e-01  4.24223931e-02  4.59131177e-02]
 [-5.27715573e-01  1.00000000e+00 -5.16907892e-01  9.12655545e-01
  -4.89500684e-01  7.10867743e-01  2.07866398e-01  4.33115942e-01
  -7.30525286e-02  9.51163949e-03  8.67799086e-03  2.64765380e-02
  -1.02046944e-01 -1.55882380e-01  1.03482644e-01  2.16698906e-01
   3.00720954e-03 -1.69199271e-03 -1.13785276e-01 -1.04390243e-01
  -6.95149729e-02  4.24668758e-01  3.22509880e-02  9.33368418e-02
   5.97330379e-02 -2.91477700e-02  1.98016650e-02 -2.23349677e-02
   1.18412884e-01  1.11261043e-01 -7.21088018e-02  2.96233994e-01
  -7.59183920e-02  4.55509200e-02  1.93551732e-01  4.06159765e-02
   9.54231768e-02  1.29241011e-01 -1.05337899e-02 -4.43939515e-02]
 [ 9.71035658e-01 -5.16907892e-01  1.00000000e+00 -5.37257623e-01
   9.79923388e-01 -6.31628087e-01 -5.62783967e-01 -6.46470829e-01
   3.21838752e-01 -2.48130919e-02 -1.37108299e-02 -4.04317775e-02
   2.22679482e-01  3.34481236e-01 -3.90340485e-01 -4.65040975e-01
  -6.07547396e-02 -5.13476989e-02  5.31009870e-02  1.89647933e-02
  -4.06449628e-01 -7.69038479e-02 -2.25478857e-01 -2.09839582e-01
  -1.51820843e-01 -9.81532716e-03 -2.23856462e-03 -5.05328562e-02
  -3.56625863e-01 -2.94264072e-01  7.95959418e-02 -4.34898478e-01
   1.25528085e-01 -3.20907153e-01 -3.63899473e-01  6.78166041e-02
  -4.06605721e-01 -4.90850832e-01  5.17061849e-02  5.34107355e-02]
 [-5.50713891e-01  9.12655545e-01 -5.37257623e-01  1.00000000e+00
  -5.23276031e-01  9.01375227e-01  2.63746298e-01  3.90085182e-01
  -2.36502235e-02 -3.37577586e-02 -2.34410374e-02 -7.75777679e-04
  -2.09211339e-01 -2.10267526e-01  1.41224776e-01  2.08753806e-01
  -3.24061177e-02 -4.18997269e-02 -1.93840360e-01 -2.07184885e-01
   8.17817603e-02  2.54491138e-01  1.08988472e-01  7.93076119e-02
   5.28533144e-02  1.30970880e-02  1.51830892e-02 -2.50466266e-02
   1.61880527e-01  1.69484792e-02 -2.81044619e-02  3.06570627e-01
  -1.58383420e-02  1.30976710e-01  2.48644715e-01  4.62823005e-02
   1.52441573e-01  1.89554821e-01 -3.86428828e-02 -4.14758400e-02]
 [ 9.09687986e-01 -4.89500684e-01  9.79923388e-01 -5.23276031e-01
   1.00000000e+00 -6.56547624e-01 -6.98957086e-01 -7.21146802e-01
   3.14793333e-01 -2.08429668e-02  4.19747420e-03 -3.47615254e-02
   3.16978849e-01  3.84003196e-01 -3.88409333e-01 -4.79178455e-01
  -6.10442061e-02 -5.23227143e-02  5.46014984e-02  3.20434551e-02
  -5.14805147e-01 -2.28350584e-02 -2.09844549e-01 -2.05952956e-01
  -1.33392121e-01 -7.10352502e-03 -1.15953323e-02 -9.65072223e-03
  -3.74259280e-01 -2.74120547e-01  8.22879872e-02 -4.22623687e-01
   1.13785040e-01 -3.38888309e-01 -3.72421989e-01  6.25405754e-02
  -4.40834824e-01 -5.57721587e-01  6.06277005e-02  6.07570062e-02]
 [-5.97725416e-01  7.10867743e-01 -6.31628087e-01  9.01375227e-01
  -6.56547624e-01  1.00000000e+00  4.81674003e-01  5.54546837e-01
  -4.62423871e-02 -4.81142510e-02 -5.24124527e-02 -2.14246747e-02
  -3.09524647e-01 -2.71295968e-01  1.84657867e-01  2.57353710e-01
  -4.05724389e-02 -5.11602868e-02 -1.95896912e-01 -2.38750985e-01
   3.06556741e-01  8.60813010e-02  1.19497027e-01  8.19209205e-02
   7.22892889e-02  3.75223212e-02  1.16970319e-02 -2.92730473e-02
   2.60150698e-01  3.37894046e-02 -1.19464222e-02  3.29896556e-01
   9.87175027e-03  2.35844999e-01  3.05533796e-01  6.35691185e-03
   2.38938643e-01  3.30233278e-01 -5.83260436e-02 -4.60657999e-02]
 [-3.72698345e-01  2.07866398e-01 -5.62783967e-01  2.63746298e-01
  -6.98957086e-01  4.81674003e-01  1.00000000e+00  8.03588474e-01
  -2.21395090e-01 -1.11771573e-02 -4.98217544e-02  1.17610841e-02
  -5.17883989e-01 -4.10993285e-01  1.81601198e-01  3.02124416e-01
   2.44875515e-03  1.12397055e-02 -1.43888756e-02 -5.19941589e-02
   6.36013518e-01 -1.91689162e-01 -1.36741091e-03  5.70529978e-02
   3.43372194e-02 -1.45716982e-02  2.36884449e-02 -1.04191897e-01
   2.89619359e-01  1.01864838e-01 -7.61290594e-02  2.54127686e-01
  -4.00166014e-02  2.83487068e-01  2.77538854e-01 -4.72151597e-02
   3.86933783e-01  5.58359311e-01 -7.00016176e-02 -5.35187503e-02]
 [-5.14775468e-01  4.33115942e-01 -6.46470829e-01  3.90085182e-01
  -7.21146802e-01  5.54546837e-01  8.03588474e-01  1.00000000e+00
  -1.95826803e-01  2.34188782e-02  1.22614129e-02  4.48025455e-02
  -2.33324317e-01 -2.12674301e-01  1.41568828e-01  3.39558183e-01
   2.18964348e-03  1.22005415e-02 -3.12065131e-03 -2.56132708e-02
   3.15256859e-01  2.49403861e-01 -5.35417239e-02  1.03046022e-01
   7.58302314e-02 -7.11083056e-03  2.16062763e-02 -6.31592266e-02
   3.02359326e-01  2.78634049e-01 -1.08771663e-01  3.06291775e-01
  -1.22215108e-01  2.06105037e-01  2.74868321e-01 -5.48221358e-02
   2.61689174e-01  4.17500609e-01 -2.12586720e-02 -5.76365913e-02]
 [ 2.93338239e-01 -7.30525286e-02  3.21838752e-01 -2.36502235e-02
   3.14793333e-01 -4.62423871e-02 -2.21395090e-01 -1.95826803e-01
   1.00000000e+00  8.16009815e-01  3.03252325e-01  3.28782396e-01
   9.21498167e-02  1.65592778e-01 -4.79027812e-02 -5.28768834e-02
   3.93541682e-01  4.30019617e-01  8.33703955e-02  1.01283987e-01
  -8.52004594e-02  3.25347719e-02  5.07704039e-02  3.16739039e-01
  -5.05855599e-02  2.21055965e-02 -1.50547052e-02 -6.42574484e-02
  -4.80574406e-02 -3.01486035e-02  2.74921345e-02 -1.88472086e-01
  -3.27572200e-03 -6.13602722e-02 -6.55654473e-02  2.89514515e-02
  -1.45000124e-01 -1.66853077e-01  1.27813066e-02  2.28424476e-02]
 [-2.36007908e-02  9.51163949e-03 -2.48130919e-02 -3.37577586e-02
  -2.08429668e-02 -4.81142510e-02 -1.11771573e-02  2.34188782e-02
   8.16009815e-01  1.00000000e+00  3.25480171e-01  3.76994272e-01
  -1.61193213e-02 -8.77608590e-03  7.80343682e-02  8.65279839e-02
   4.63304690e-01  4.99712669e-01  9.89292683e-02  1.24966814e-01
   3.12604947e-02 -1.70539961e-02  7.00432113e-02  3.83613371e-01
  -1.14452729e-02 -2.90526283e-02 -2.88875290e-02 -4.22217598e-02
   3.40224427e-02  8.91778214e-02 -4.76954804e-02 -7.45542109e-03
  -6.87134469e-02  4.80061910e-02  3.89452769e-02 -1.43570824e-02
   4.04438032e-02  4.43397279e-02 -4.03951756e-03  1.84709311e-02]
 [-2.86271852e-02  8.67799086e-03 -1.37108299e-02 -2.34410374e-02
   4.19747420e-03 -5.24124527e-02 -4.98217544e-02  1.22614129e-02
   3.03252325e-01  3.25480171e-01  1.00000000e+00  9.87963592e-01
   7.92517137e-02  5.05315894e-02  2.10629812e-02  8.45505455e-02
   3.17916996e-01  3.61118877e-01  5.65977417e-02  9.94728272e-02
  -7.66562830e-02  9.52800924e-02  4.04037719e-02  3.49659659e-01
   1.27702670e-02  7.70829765e-04 -2.75940850e-02 -3.15743549e-03
   1.51707079e-02  7.81884968e-02 -3.60025946e-02 -2.27393675e-02
  -5.77175759e-02 -8.20198712e-03 -2.16410384e-02 -1.68959039e-02
   1.31882203e-02 -3.48499037e-02  2.24970579e-02  5.13003131e-04]
 [-4.26830446e-02  2.64765380e-02 -4.04317775e-02 -7.75777679e-04
  -3.47615254e-02 -2.14246747e-02  1.17610841e-02  4.48025455e-02
   3.28782396e-01  3.76994272e-01  9.87963592e-01  1.00000000e+00
   1.34033723e-02 -1.01784133e-03  3.78299012e-02  1.01527771e-01
   3.44552613e-01  3.89033187e-01  4.38207936e-02  8.27994411e-02
  -1.30833208e-02  6.31813493e-02  5.33201527e-02  3.66555985e-01
   6.67944205e-03 -4.32855929e-03 -2.52151840e-02 -1.82648436e-02
   3.35506204e-02  8.01142719e-02 -3.95430273e-02 -5.31933142e-03
  -5.64880644e-02  1.13392592e-02 -4.18128911e-03 -1.66323612e-02
   4.70002235e-02  1.57023998e-02  1.36461135e-02 -1.23219358e-03]
 [ 1.16463545e-01 -1.02046944e-01  2.22679482e-01 -2.09211339e-01
   3.16978849e-01 -3.09524647e-01 -5.17883989e-01 -2.33324317e-01
   9.21498167e-02 -1.61193213e-02  7.92517137e-02  1.34033723e-02
   1.00000000e+00  8.27615214e-01 -2.30426684e-01 -1.39426646e-01
  -4.10992672e-02 -3.38911830e-02  2.32914783e-01  2.80564578e-01
  -5.11175174e-01  2.93388980e-01 -2.01334437e-01 -3.97610676e-02
   9.93575241e-03  3.49313312e-02 -1.14959548e-02  6.30657435e-02
  -7.51343175e-02  1.73268669e-01  1.21189351e-02 -1.61134642e-01
  -5.71198484e-02 -1.88787191e-01 -1.43309741e-01 -2.51282325e-02
  -2.97102243e-01 -4.26926458e-01  9.51240646e-02  1.68976141e-02]
 [ 2.61679875e-01 -1.55882380e-01  3.34481236e-01 -2.10267526e-01
   3.84003196e-01 -2.71295968e-01 -4.10993285e-01 -2.12674301e-01
   1.65592778e-01 -8.77608590e-03  5.05315894e-02 -1.01784133e-03
   8.27615214e-01  1.00000000e+00 -2.58639645e-01 -1.74766827e-01
  -3.35195015e-02 -2.73279836e-02  1.27573003e-01  1.51680810e-01
  -3.34252575e-01  1.92797113e-01 -1.86496688e-01 -2.86161218e-02
  -3.99832040e-03  6.38347933e-02  1.41080873e-02  2.79530195e-03
  -1.36133889e-01 -1.28522213e-03  1.44064434e-04 -1.99190232e-01
   1.41512255e-02 -2.12737295e-01 -1.99453480e-01 -2.98398290e-02
  -3.27700286e-01 -4.22317022e-01  7.91721658e-02  6.83284303e-03]
 [-3.99312388e-01  1.03482644e-01 -3.90340485e-01  1.41224776e-01
  -3.88409333e-01  1.84657867e-01  1.81601198e-01  1.41568828e-01
  -4.79027812e-02  7.80343682e-02  2.10629812e-02  3.78299012e-02
  -2.30426684e-01 -2.58639645e-01  1.00000000e+00  8.24349927e-01
   6.42798033e-02  4.73003056e-02 -3.16139779e-01 -2.13152237e-01
   3.03676825e-01 -3.27481195e-02  9.11099955e-01  3.59515930e-01
   9.47554633e-02 -2.04474288e-02  2.12649555e-03 -2.64314779e-03
   3.88178364e-02  1.69217800e-02 -2.26820671e-02  8.88095598e-02
  -4.76468436e-02  7.22769085e-02  9.34424021e-02 -4.94686022e-02
   1.35154716e-01  1.74442970e-01 -5.03118345e-02 -3.74786144e-02]
 [-4.41289681e-01  2.16698906e-01 -4.65040975e-01  2.08753806e-01
  -4.79178455e-01  2.57353710e-01  3.02124416e-01  3.39558183e-01
  -5.28768834e-02  8.65279839e-02  8.45505455e-02  1.01527771e-01
  -1.39426646e-01 -1.74766827e-01  8.24349927e-01  1.00000000e+00
   6.38453633e-02  4.81346937e-02 -1.99442335e-01 -1.16139290e-01
   2.91797637e-01  1.16111448e-01  6.72651185e-01  3.85371603e-01
   8.88618228e-02 -1.47363313e-02 -1.15749772e-02 -2.95852774e-02
   1.51445520e-01  1.74642264e-01 -7.17696769e-02  1.32951088e-01
  -1.16254163e-01  1.01700190e-01  1.63387631e-01 -5.37116224e-02
   1.58805229e-01  2.22408173e-01 -3.50765399e-02 -5.28298739e-02]
 [-6.00274471e-02  3.00720954e-03 -6.07547396e-02 -3.24061177e-02
  -6.10442061e-02 -4.05724389e-02  2.44875515e-03  2.18964348e-03
   3.93541682e-01  4.63304690e-01  3.17916996e-01  3.44552613e-01
  -4.10992672e-02 -3.35195015e-02  6.42798033e-02  6.38453633e-02
   1.00000000e+00  9.83514535e-01  5.89349161e-02  1.04786421e-01
   7.87461874e-02 -4.75000935e-03  1.40813540e-01  8.19552555e-01
  -9.73346118e-03 -2.38096085e-02 -4.19595330e-03 -1.96797625e-02
   8.58322317e-02  1.22186866e-01 -1.99699379e-02  1.73637447e-02
  -7.62837371e-02  6.10423930e-02  3.06020702e-02 -2.67914060e-02
   1.01813072e-01  7.68198283e-02 -3.99129571e-03 -1.62546950e-03]
 [-4.93900704e-02 -1.69199271e-03 -5.13476989e-02 -4.18997269e-02
  -5.23227143e-02 -5.11602868e-02  1.12397055e-02  1.22005415e-02
   4.30019617e-01  4.99712669e-01  3.61118877e-01  3.89033187e-01
  -3.38911830e-02 -2.73279836e-02  4.73003056e-02  4.81346937e-02
   9.83514535e-01  1.00000000e+00  7.27764658e-02  1.23711067e-01
   7.18465667e-02 -4.08105319e-04  1.23682645e-01  8.16089409e-01
  -1.29108354e-02 -2.21861628e-02 -1.33512373e-03 -1.41001873e-02
   9.24386618e-02  1.32437937e-01 -1.79744704e-02  1.22853464e-02
  -7.84025768e-02  6.42839027e-02  2.47605827e-02 -2.40110187e-02
   1.00399482e-01  7.38594176e-02  2.16214488e-03  3.19517898e-03]
 [ 7.15866419e-02 -1.13785276e-01  5.31009870e-02 -1.93840360e-01
   5.46014984e-02 -1.95896912e-01 -1.43888756e-02 -3.12065131e-03
   8.33703955e-02  9.89292683e-02  5.65977417e-02  4.38207936e-02
   2.32914783e-01  1.27573003e-01 -3.16139779e-01 -1.99442335e-01
   5.89349161e-02  7.27764658e-02  1.00000000e+00  8.88834379e-01
  -1.43326159e-01 -9.33176875e-02 -4.12982130e-01 -2.49113410e-02
  -3.88965997e-02 -2.51559419e-02 -3.04558780e-02  2.34241961e-02
   8.02045061e-02  3.61973594e-01 -1.53272498e-02 -3.79683872e-02
  -1.54813720e-01  6.56931589e-02 -4.14694347e-02 -1.82738620e-02
   2.12658616e-02 -1.10397941e-02  2.75654296e-02  4.48862887e-02]
 [ 2.09154303e-02 -1.04390243e-01  1.89647933e-02 -2.07184885e-01
   3.20434551e-02 -2.38750985e-01 -5.19941589e-02 -2.56132708e-02
   1.01283987e-01  1.24966814e-01  9.94728272e-02  8.27994411e-02
   2.80564578e-01  1.51680810e-01 -2.13152237e-01 -1.16139290e-01
   1.04786421e-01  1.23711067e-01  8.88834379e-01  1.00000000e+00
  -1.91491050e-01 -1.20448611e-02 -2.73876432e-01  6.55094029e-02
  -1.82862720e-02 -1.83598026e-02 -2.79738788e-02  3.09110383e-02
   7.31272281e-02  5.30631505e-01 -3.39676154e-02 -2.36789676e-02
  -2.60096447e-01  3.55313740e-02 -4.98687276e-02 -1.33498302e-02
   3.37660366e-02 -5.06317323e-03  4.17248868e-02  2.21582658e-02]
 [-2.94622585e-01 -6.95149729e-02 -4.06449628e-01  8.17817603e-02
  -5.14805147e-01  3.06556741e-01  6.36013518e-01  3.15256859e-01
  -8.52004594e-02  3.12604947e-02 -7.66562830e-02 -1.30833208e-02
  -5.11175174e-01 -3.34252575e-01  3.03676825e-01  2.91797637e-01
   7.87461874e-02  7.18465667e-02 -1.43326159e-01 -1.91491050e-01
   1.00000000e+00 -5.35304987e-01  2.59289765e-01  1.68480275e-01
   4.03317233e-02  4.68466772e-02  7.36607028e-03 -8.19422055e-02
   2.53230240e-01 -7.06982100e-02  1.27632411e-02  1.15605612e-01
   8.28068670e-02  2.74127249e-01  2.44233732e-01 -3.52002955e-02
   3.66253928e-01  5.42764360e-01 -9.19071339e-02 -5.45001135e-02]
 [-1.36257108e-01  4.24668758e-01 -7.69038479e-02  2.54491138e-01
  -2.28350584e-02  8.60813010e-02 -1.91689162e-01  2.49403861e-01
   3.25347719e-02 -1.70539961e-02  9.52800924e-02  6.31813493e-02
   2.93388980e-01  1.92797113e-01 -3.27481195e-02  1.16111448e-01
  -4.75000935e-03 -4.08105319e-04 -9.33176875e-02 -1.20448611e-02
  -5.35304987e-01  1.00000000e+00 -2.55413936e-02  7.24584305e-02
   1.52411103e-02  1.23194812e-02  2.40197244e-02  3.22634918e-02
   2.14228813e-02  2.21323043e-01 -1.00357235e-01  6.52386142e-03
  -1.69871445e-01 -1.67991704e-01 -2.17501012e-02 -9.85448782e-03
  -1.34056785e-01 -1.64527082e-01  6.37571278e-02 -4.76517179e-02]
 [-2.77964852e-01  3.22509880e-02 -2.25478857e-01  1.08988472e-01
  -2.09844549e-01  1.19497027e-01 -1.36741091e-03 -5.35417239e-02
   5.07704039e-02  7.00432113e-02  4.04037719e-02  5.33201527e-02
  -2.01334437e-01 -1.86496688e-01  9.11099955e-01  6.72651185e-01
   1.40813540e-01  1.23682645e-01 -4.12982130e-01 -2.73876432e-01
   2.59289765e-01 -2.55413936e-02  1.00000000e+00  4.01630558e-01
   7.27523266e-02  1.46996067e-03 -4.68134685e-03 -7.15121325e-04
  -1.83334113e-02 -4.31346349e-02  2.47035712e-03  2.23180595e-02
  -2.47343900e-02  2.39844040e-03  3.08142683e-02 -6.40348703e-03
   7.09425902e-02  9.09210338e-02 -3.95090013e-02 -3.38510917e-02]
 [-2.23303077e-01  9.33368418e-02 -2.09839582e-01  7.93076119e-02
  -2.05952956e-01  8.19209205e-02  5.70529978e-02  1.03046022e-01
   3.16739039e-01  3.83613371e-01  3.49659659e-01  3.66555985e-01
  -3.97610676e-02 -2.86161218e-02  3.59515930e-01  3.85371603e-01
   8.19552555e-01  8.16089409e-01 -2.49113410e-02  6.55094029e-02
   1.68480275e-01  7.24584305e-02  4.01630558e-01  1.00000000e+00
   3.45389778e-02 -1.16681744e-02 -6.77254921e-03 -6.16225404e-03
   9.22413341e-02  1.43523894e-01 -3.39250071e-02  3.47034671e-02
  -1.10959028e-01  6.02141245e-02  8.15797969e-02 -3.97944782e-02
   1.19461634e-01  1.13998144e-01 -5.19862533e-03 -2.54056261e-02]
 [-1.61172362e-01  5.97330379e-02 -1.51820843e-01  5.28533144e-02
  -1.33392121e-01  7.22892889e-02  3.43372194e-02  7.58302314e-02
  -5.05855599e-02 -1.14452729e-02  1.27702670e-02  6.67944205e-03
   9.93575241e-03 -3.99832040e-03  9.47554633e-02  8.88618228e-02
  -9.73346118e-03 -1.29108354e-02 -3.88965997e-02 -1.82862720e-02
   4.03317233e-02  1.52411103e-02  7.27523266e-02  3.45389778e-02
   1.00000000e+00 -3.45349103e-05  4.41419811e-03  1.77075118e-01
   2.59580018e-02  1.54148303e-02  2.11699481e-03  3.57562089e-02
   1.61322471e-02 -1.00381479e-02  1.21441258e-02  2.88840233e-03
  -6.03917230e-02 -2.05705665e-02 -1.03684938e-01 -3.79555286e-02]
 [-1.86849683e-02 -2.91477700e-02 -9.81532716e-03  1.30970880e-02
  -7.10352502e-03  3.75223212e-02 -1.45716982e-02 -7.11083056e-03
   2.21055965e-02 -2.90526283e-02  7.70829765e-04 -4.32855929e-03
   3.49313312e-02  6.38347933e-02 -2.04474288e-02 -1.47363313e-02
  -2.38096085e-02 -2.21861628e-02 -2.51559419e-02 -1.83598026e-02
   4.68466772e-02  1.23194812e-02  1.46996067e-03 -1.16681744e-02
  -3.45349103e-05  1.00000000e+00  1.16972334e-01  4.02768934e-02
   7.02384560e-02  1.48904205e-02  1.81675580e-01 -1.72929559e-03
   4.93778240e-02  8.85534368e-04  1.43567214e-02  3.76865989e-03
  -5.47532506e-02 -9.05407833e-02 -1.44759264e-01 -9.12089626e-02]
 [ 5.81628290e-03  1.98016650e-02 -2.23856462e-03  1.51830892e-02
  -1.15953323e-02  1.16970319e-02  2.36884449e-02  2.16062763e-02
  -1.50547052e-02 -2.88875290e-02 -2.75940850e-02 -2.52151840e-02
  -1.14959548e-02  1.41080873e-02  2.12649555e-03 -1.15749772e-02
  -4.19595330e-03 -1.33512373e-03 -3.04558780e-02 -2.79738788e-02
   7.36607028e-03  2.40197244e-02 -4.68134685e-03 -6.77254921e-03
   4.41419811e-03  1.16972334e-01  1.00000000e+00  5.23746192e-03
   2.38434680e-02 -1.62529384e-02  8.99180135e-02  1.63639105e-02
   2.61165316e-02 -5.91046109e-02 -1.22094736e-02  5.79009531e-03
  -8.01799703e-02 -6.21080094e-02 -8.81534944e-02 -4.87869962e-02]
 [-9.15703766e-02 -2.23349677e-02 -5.05328562e-02 -2.50466266e-02
  -9.65072223e-03 -2.92730473e-02 -1.04191897e-01 -6.31592266e-02
  -6.42574484e-02 -4.22217598e-02 -3.15743549e-03 -1.82648436e-02
   6.30657435e-02  2.79530195e-03 -2.64314779e-03 -2.95852774e-02
  -1.96797625e-02 -1.41001873e-02  2.34241961e-02  3.09110383e-02
  -8.19422055e-02  3.22634918e-02 -7.15121325e-04 -6.16225404e-03
   1.77075118e-01  4.02768934e-02  5.23746192e-03  1.00000000e+00
   8.03913859e-03  4.36504168e-02  6.21364247e-02  5.01496449e-02
   4.74908458e-02 -4.86816201e-03  1.11758115e-02 -1.39224084e-02
  -7.19084165e-02 -5.76004370e-02 -3.81592804e-02 -3.14524461e-03]
 [-3.19243122e-01  1.18412884e-01 -3.56625863e-01  1.61880527e-01
  -3.74259280e-01  2.60150698e-01  2.89619359e-01  3.02359326e-01
  -4.80574406e-02  3.40224427e-02  1.51707079e-02  3.35506204e-02
  -7.51343175e-02 -1.36133889e-01  3.88178364e-02  1.51445520e-01
   8.58322317e-02  9.24386618e-02  8.02045061e-02  7.31272281e-02
   2.53230240e-01  2.14228813e-02 -1.83334113e-02  9.22413341e-02
   2.59580018e-02  7.02384560e-02  2.38434680e-02  8.03913859e-03
   1.00000000e+00  3.93066306e-01 -1.11830769e-02  1.18372919e-01
  -4.93657345e-02  3.33483971e-01  3.62641155e-01 -1.08228503e-02
   4.20665548e-01  4.69257747e-01  7.64687641e-02 -9.10722965e-03]
 [-2.94898379e-01  1.11261043e-01 -2.94264072e-01  1.69484792e-02
  -2.74120547e-01  3.37894046e-02  1.01864838e-01  2.78634049e-01
  -3.01486035e-02  8.91778214e-02  7.81884968e-02  8.01142719e-02
   1.73268669e-01 -1.28522213e-03  1.69217800e-02  1.74642264e-01
   1.22186866e-01  1.32437937e-01  3.61973594e-01  5.30631505e-01
  -7.06982100e-02  2.21323043e-01 -4.31346349e-02  1.43523894e-01
   1.54148303e-02  1.48904205e-02 -1.62529384e-02  4.36504168e-02
   3.93066306e-01  1.00000000e+00 -6.95185247e-02  1.41565723e-01
  -3.14170292e-01  1.22621037e-01  1.80587399e-01 -8.86949410e-03
   1.97179594e-01  2.11122964e-01  7.56846244e-02  2.58266375e-02]
 [ 6.44562331e-02 -7.21088018e-02  7.95959418e-02 -2.81044619e-02
   8.22879872e-02 -1.19464222e-02 -7.61290594e-02 -1.08771663e-01
   2.74921345e-02 -4.76954804e-02 -3.60025946e-02 -3.95430273e-02
   1.21189351e-02  1.44064434e-04 -2.26820671e-02 -7.17696769e-02
  -1.99699379e-02 -1.79744704e-02 -1.53272498e-02 -3.39676154e-02
   1.27632411e-02 -1.00357235e-01  2.47035712e-03 -3.39250071e-02
   2.11699481e-03  1.81675580e-01  8.99180135e-02  6.21364247e-02
  -1.11830769e-02 -6.95185247e-02  1.00000000e+00 -2.73926786e-02
   1.52744596e-01  5.79594430e-03 -5.54340113e-02  3.07959277e-02
  -1.68669366e-01 -1.97788260e-01 -2.33529522e-01 -6.29755308e-02]
 [-4.11921227e-01  2.96233994e-01 -4.34898478e-01  3.06570627e-01
  -4.22623687e-01  3.29896556e-01  2.54127686e-01  3.06291775e-01
  -1.88472086e-01 -7.45542109e-03 -2.27393675e-02 -5.31933142e-03
  -1.61134642e-01 -1.99190232e-01  8.88095598e-02  1.32951088e-01
   1.73637447e-02  1.22853464e-02 -3.79683872e-02 -2.36789676e-02
   1.15605612e-01  6.52386142e-03  2.23180595e-02  3.47034671e-02
   3.57562089e-02 -1.72929559e-03  1.63639105e-02  5.01496449e-02
   1.18372919e-01  1.41565723e-01 -2.73926786e-02  1.00000000e+00
  -2.53607297e-02  1.58857554e-01  1.28984299e-01 -1.35368144e-02
   2.10083433e-01  2.22438072e-01  2.94077933e-03 -6.16433062e-03]
 [ 1.27902117e-01 -7.59183920e-02  1.25528085e-01 -1.58383420e-02
   1.13785040e-01  9.87175027e-03 -4.00166014e-02 -1.22215108e-01
  -3.27572200e-03 -6.87134469e-02 -5.77175759e-02 -5.64880644e-02
  -5.71198484e-02  1.41512255e-02 -4.76468436e-02 -1.16254163e-01
  -7.62837371e-02 -7.84025768e-02 -1.54813720e-01 -2.60096447e-01
   8.28068670e-02 -1.69871445e-01 -2.47343900e-02 -1.10959028e-01
   1.61322471e-02  4.93778240e-02  2.61165316e-02  4.74908458e-02
  -4.93657345e-02 -3.14170292e-01  1.52744596e-01 -2.53607297e-02
   1.00000000e+00 -2.03342905e-02 -3.18113490e-02  1.33246758e-02
  -8.14944322e-02 -8.11277479e-02 -4.72608388e-02  1.28322343e-02]
 [-2.78389976e-01  4.55509200e-02 -3.20907153e-01  1.30976710e-01
  -3.38888309e-01  2.35844999e-01  2.83487068e-01  2.06105037e-01
  -6.13602722e-02  4.80061910e-02 -8.20198712e-03  1.13392592e-02
  -1.88787191e-01 -2.12737295e-01  7.22769085e-02  1.01700190e-01
   6.10423930e-02  6.42839027e-02  6.56931589e-02  3.55313740e-02
   2.74127249e-01 -1.67991704e-01  2.39844040e-03  6.02141245e-02
  -1.00381479e-02  8.85534368e-04 -5.91046109e-02 -4.86816201e-03
   3.33483971e-01  1.22621037e-01  5.79594430e-03  1.58857554e-01
  -2.03342905e-02  1.00000000e+00  3.44205750e-01 -2.19247657e-03
   4.04527438e-01  4.71811376e-01  1.07990855e-01  6.40597429e-02]
 [-3.35939354e-01  1.93551732e-01 -3.63899473e-01  2.48644715e-01
  -3.72421989e-01  3.05533796e-01  2.77538854e-01  2.74868321e-01
  -6.55654473e-02  3.89452769e-02 -2.16410384e-02 -4.18128911e-03
  -1.43309741e-01 -1.99453480e-01  9.34424021e-02  1.63387631e-01
   3.06020702e-02  2.47605827e-02 -4.14694347e-02 -4.98687276e-02
   2.44233732e-01 -2.17501012e-02  3.08142683e-02  8.15797969e-02
   1.21441258e-02  1.43567214e-02 -1.22094736e-02  1.11758115e-02
   3.62641155e-01  1.80587399e-01 -5.54340113e-02  1.28984299e-01
  -3.18113490e-02  3.44205750e-01  1.00000000e+00  8.22492663e-02
   3.31912068e-01  3.73438630e-01  1.05597216e-01  4.49967907e-02]
 [ 5.59377864e-02  4.06159765e-02  6.78166041e-02  4.62823005e-02
   6.25405754e-02  6.35691185e-03 -4.72151597e-02 -5.48221358e-02
   2.89514515e-02 -1.43570824e-02 -1.68959039e-02 -1.66323612e-02
  -2.51282325e-02 -2.98398290e-02 -4.94686022e-02 -5.37116224e-02
  -2.67914060e-02 -2.40110187e-02 -1.82738620e-02 -1.33498302e-02
  -3.52002955e-02 -9.85448782e-03 -6.40348703e-03 -3.97944782e-02
   2.88840233e-03  3.76865989e-03  5.79009531e-03 -1.39224084e-02
  -1.08228503e-02 -8.86949410e-03  3.07959277e-02 -1.35368144e-02
   1.33246758e-02 -2.19247657e-03  8.22492663e-02  1.00000000e+00
  -2.10683202e-02 -4.95517952e-02 -7.28849822e-02 -9.49983458e-03]
 [-3.47610915e-01  9.54231768e-02 -4.06605721e-01  1.52441573e-01
  -4.40834824e-01  2.38938643e-01  3.86933783e-01  2.61689174e-01
  -1.45000124e-01  4.04438032e-02  1.31882203e-02  4.70002235e-02
  -2.97102243e-01 -3.27700286e-01  1.35154716e-01  1.58805229e-01
   1.01813072e-01  1.00399482e-01  2.12658616e-02  3.37660366e-02
   3.66253928e-01 -1.34056785e-01  7.09425902e-02  1.19461634e-01
  -6.03917230e-02 -5.47532506e-02 -8.01799703e-02 -7.19084165e-02
   4.20665548e-01  1.97179594e-01 -1.68669366e-01  2.10083433e-01
  -8.14944322e-02  4.04527438e-01  3.31912068e-01 -2.10683202e-02
   1.00000000e+00  7.68020228e-01  2.03045173e-01  5.79605220e-02]
 [-3.94985451e-01  1.29241011e-01 -4.90850832e-01  1.89554821e-01
  -5.57721587e-01  3.30233278e-01  5.58359311e-01  4.17500609e-01
  -1.66853077e-01  4.43397279e-02 -3.48499037e-02  1.57023998e-02
  -4.26926458e-01 -4.22317022e-01  1.74442970e-01  2.22408173e-01
   7.68198283e-02  7.38594176e-02 -1.10397941e-02 -5.06317323e-03
   5.42764360e-01 -1.64527082e-01  9.09210338e-02  1.13998144e-01
  -2.05705665e-02 -9.05407833e-02 -6.21080094e-02 -5.76004370e-02
   4.69257747e-01  2.11122964e-01 -1.97788260e-01  2.22438072e-01
  -8.11277479e-02  4.71811376e-01  3.73438630e-01 -4.95517952e-02
   7.68020228e-01  1.00000000e+00  2.56132252e-01  6.45654177e-02]
 [ 4.24223931e-02 -1.05337899e-02  5.17061849e-02 -3.86428828e-02
   6.06277005e-02 -5.83260436e-02 -7.00016176e-02 -2.12586720e-02
   1.27813066e-02 -4.03951756e-03  2.24970579e-02  1.36461135e-02
   9.51240646e-02  7.91721658e-02 -5.03118345e-02 -3.50765399e-02
  -3.99129571e-03  2.16214488e-03  2.75654296e-02  4.17248868e-02
  -9.19071339e-02  6.37571278e-02 -3.95090013e-02 -5.19862533e-03
  -1.03684938e-01 -1.44759264e-01 -8.81534944e-02 -3.81592804e-02
   7.64687641e-02  7.56846244e-02 -2.33529522e-01  2.94077933e-03
  -4.72608388e-02  1.07990855e-01  1.05597216e-01 -7.28849822e-02
   2.03045173e-01  2.56132252e-01  1.00000000e+00  3.45381770e-01]
 [ 4.59131177e-02 -4.43939515e-02  5.34107355e-02 -4.14758400e-02
   6.07570062e-02 -4.60657999e-02 -5.35187503e-02 -5.76365913e-02
   2.28424476e-02  1.84709311e-02  5.13003131e-04 -1.23219358e-03
   1.68976141e-02  6.83284303e-03 -3.74786144e-02 -5.28298739e-02
  -1.62546950e-03  3.19517898e-03  4.48862887e-02  2.21582658e-02
  -5.45001135e-02 -4.76517179e-02 -3.38510917e-02 -2.54056261e-02
  -3.79555286e-02 -9.12089626e-02 -4.87869962e-02 -3.14524461e-03
  -9.10722965e-03  2.58266375e-02 -6.29755308e-02 -6.16433062e-03
   1.28322343e-02  6.40597429e-02  4.49967907e-02 -9.49983458e-03
   5.79605220e-02  6.45654177e-02  3.45381770e-01  1.00000000e+00]]