0 16
0 14
0 17
0 49
1 16
1 14
1 17
1 49
2 16
2 14
2 17
2 49
3 16
3 14
3 17
3 49
4 16
4 14
4 17
4 49
5 16
5 14
5 17
5 49
6 16
6 14
6 17
6 49
7 16
7 14
7 17
7 49
8 16
8 14
8 17
8 49
9 16
9 14
9 17
9 49
10 16
10 14
10 17
10 49
11 16
11 14
11 17
11 49
12 16
12 14
12 17
12 49
13 16
13 14
13 17
13 49
14 16
14 17
14 49
15 16
15 14
15 17
15 49
16 14
16 17
16 49
17 16
17 14
17 49
18 16
18 14
18 17
18 49
19 16
19 14
19 17
19 49
20 16
20 14
20 17
20 49
21 16
21 14
21 17
21 49
22 16
22 14
22 17
22 49
23 16
23 14
23 17
23 49
24 16
24 14
24 17
24 49
25 16
25 14
25 17
25 49
26 16
26 14
26 17
26 49
27 16
27 14
27 17
27 49
28 16
28 14
28 17
28 49
29 16
29 14
29 17
29 49
30 16
30 14
30 17
30 49
31 16
31 14
31 17
31 49
32 16
32 14
32 17
32 49
33 16
33 14
33 17
33 49
34 16
34 14
34 17
34 49
35 16
35 14
35 17
35 49
36 16
36 14
36 17
36 49
37 16
37 14
37 17
37 49
38 16
38 14
38 17
38 49
39 16
39 14
39 17
39 49
40 16
40 14
40 17
40 49
41 16
41 14
41 17
41 49
42 16
42 14
42 17
42 49
43 16
43 14
43 17
43 49
44 16
44 14
44 17
44 49
45 16
45 14
45 17
45 49
46 16
46 14
46 17
46 49
47 16
47 14
47 17
47 49
48 16
48 14
48 17
48 49
49 16
49 14
49 17
